microbe_level,diet_type,id,gland count,ba_avg,ba_high,ba_low,sa_avg,sa_high,sa_low,iaa_avg,iaa_high,iaa_low
axenic,SA,528AS1,30,-9.800953875,28.42335416,-48.02526191,199.3335469,207.6486311,191.0184627,561.1607056,625.0313418,497.2900694
axenic,SA,528AS2,28,59.11837082,105.6938073,12.5429343,850.2010571,860.3327952,840.069319,229.0564543,306.8813493,151.2315592
axenic,IAA,528AI,20,134.323867,200.5883868,68.05934724,88.38464416,102.799426,73.96986229,19066.77596,19177.50019,18956.05173
axenic,IAA,533AI,37,52.54460507,79.7362411,25.35296903,#DIV/0!,#DIV/0!,#DIV/0!,13790.10218,13835.53785,13744.66651
axenic,control,528AC1,37,23.38452588,55.24355632,-8.474504564,45.80265965,52.73307997,38.87223933,63.88962448,117.1242452,10.65500372
nonaxenic,SA,NS1,40,46.54266452,71.10285191,21.98247713,6880.143736,6885.486411,6874.801062,80.17058027,121.209251,39.13190949
nonaxenic,SA,NS2,42,24.30939586,48.14768637,0.4711053561,8726.31705,8731.502687,8721.131412,118.7565673,158.5889896,78.92414501
nonaxenic,IAA,NI1,32,67.35798794,116.0615449,18.65443097,117.1637035,127.75838,106.5690271,20176.78012,20258.16099,20095.39926
nonaxenic,control,NC1,51,55.28675744,75.38747115,35.18604373,80.68327477,85.05586216,76.31068738,33.30223844,66.88938333,-0.2849064516
nonaxenic,control,NC2,33,70.51026655,101.1147987,39.90573444,2589.253286,2595.910811,2582.595762,-7.667887753,43.47053794,-58.80631344
nonaxenic,control,NC1I,32,41.68904553,80.50998689,2.868104175,71.07258555,79.51745776,62.62771334,1627.495119,1692.362695,1562.627542
nonaxenic,control,NC2I,45,28.61326745,61.98260971,-4.756074808,144.6568649,151.9158293,137.3979005,89.22963934,144.9879049,33.47137376
diet,SA,SD1,,#DIV/0!,#DIV/0!,#DIV/0!,#DIV/0!,#DIV/0!,#DIV/0!,#DIV/0!,#DIV/0!,#DIV/0!
diet,SA,SD2,,44.11136337,78.62285703,9.599869715,54511.7247,54519.23212,54504.21728,1668.02005,1725.686785,1610.353314
diet,SA,SD3,,62.60982236,97.15327111,28.06637362,153199.11,153206.6243,153191.5956,-4.876549273,52.8435812,-62.59667975
diet,IAA,ID1,,17.54503502,50.67729492,-15.58722487,51.58477078,58.79216171,44.37737984,380041.4535,380096.8156,379986.0914
diet,IAA,ID2,,114.5445959,151.665914,77.42327786,12.1721623,20.24730876,4.097015834,672159.981,672222.0086,672097.9534
diet,control,CD3,,45.17591471,81.78722447,8.56460495,169.0836887,177.0478911,161.1194864,45.53069521,106.7061034,-15.64471295
diet,control,CD4,,-2.153046156,31.27609779,-35.5821901,53.24638673,60.51836002,45.97441344,38.66088756,94.51907834,-17.19730322
diet,control,CD5,,44.33370825,83.23561091,5.431805597,6.160326783,14.62281082,-2.302157258,-34.5033314,30.4995267,-99.50618949
diet,control,CD6,,41.74277098,75.29216364,8.193378311,7.297728595,14.59586007,-0.0004028753079,327.4081795,383.4672991,271.34906
mix,mix,533AC2+NI2,75,39.69979886,56.71938127,22.68021645,31.71110728,35.41344404,28.00877051,4359.064833,4387.503584,4330.626083
axenic,benzoic,AB1,42,2237.100493,2394.231487,2079.969498,76.33693213,77.38282936,75.2910349,0.9066182951,3.405349756,-1.592113166
axenic,benzoic,AB2,40,1614.633164,1799.750384,1429.515944,41.15040121,42.38258069,39.91822172,8.059977426,11.00375197,5.116202885
axenic,control,AC1,38,-3.586316228,167.7066995,-174.8793319,24.05001356,25.19017621,22.90985091,0.5028168903,3.226755908,-2.221122127
axenic,control,AC2,43,42.18142191,231.6936378,-147.330794,36.68341522,37.94484873,35.42198171,4.748454459,7.762119184,1.734789734
nonaxenic,benzoic,NB1,38,1938.496415,2100.605565,1776.387265,39.41306094,40.49209382,38.33402805,4.785856082,7.363751253,2.207960911
nonaxenic,benzoic,NB2,41,2778.423746,2939.746595,2617.100898,41.46050017,42.53429927,40.38670108,12.24545281,14.81084404,9.680061573
nonaxenic,control,NC1,40,-5.030541368,148.4743535,-158.5354362,45.36474625,46.38650739,44.34298511,-0.3184280026,2.122640425,-2.75949643
nonaxenic,control,NC2,36,121.22692,265.9378434,-23.48400333,33.12924661,34.09247321,32.16602001,0.1039237851,2.405148553,-2.197300983
